/**:
  ros__parameters:
    border_x: [-35.578873817841924, 36.02970410722499, 36.21641486192154, -35.4901986862906]
    border_y: [-8.727940791944679, -9.019393097483713, 8.884337547538404, 8.884337547538413]
    post_x: [-35.578873817841924, -21.65965120218083, -7.220088935669656, 7.229287116174076, 21.82457010745632, 36.02970410722499, 36.21641486192154, 22.12202739178495, 7.493689895638996, -6.849251091064396, -21.53744463261374, -35.4901986862906]
    post_y: [-8.727940791944679, -8.805103238504255, -8.799953158684916, -8.852835612347663, -9.051946050556126, -9.019393097483713, 8.884337547538404, 8.710539414838587, 8.85872811224133, 8.787765649034549, 8.69682731430713, 8.884337547538413]